0 0.53046875 0.25 0.1015625 0.1125
0 0.57265625 0.38515625 0.0296875 0.065625
0 0.68828125 0.13984375 0.0703125 0.14765625
0 0.68359375 0.246875 0.05546875 0.0765625
0 0.70390625 0.44140625 0.103125 0.28203125
0 0.709375 0.70625 0.1015625 0.2046875
0 0.69921875 0.90234375 0.075 0.17265625
0 0.5671875 0.890625 0.0375 0.0515625
0 0.56875 0.78046875 0.0265625 0.0609375
0 0.3734375 0.9640625 0.0609375 0.05859375
0 0.3984375 0.678125 0.05234375 0.078125
0 0.25546875 0.63671875 0.03515625 0.05625
2 0.86953125 0.4921875 0.23359375 0.96875
2 0.3421875 0.13671875 0.1546875 0.2421875
0 0.51328125 0.015625 0.05 0.03125
0 0.50390625 0.5546875 0.1765625 0.40390625