0 0.428125 0.3625 0.0296875 0.0859375
0 0.5203125 0.37265625 0.0484375 0.08359375
0 0.58515625 0.40234375 0.0453125 0.07578125
0 0.665625 0.41171875 0.0359375 0.0734375
0 0.58203125 0.265625 0.04765625 0.09765625
0 0.659375 0.28984375 0.05 0.0859375
0 0.7421875 0.25859375 0.05859375 0.0953125
0 0.63984375 0.12734375 0.15859375 0.140625
0 0.4125 0.1546875 0.0796875 0.0859375
2 0.5046875 0.175 0.09296875 0.16171875
2 0.29296875 0.1171875 0.1375 0.234375
2 0.56640625 0.04296875 0.40703125 0.07890625
1 0.1265625 0.803125 0.13671875 0.05
1 0.38671875 0.8984375 0.1109375 0.04609375
1 0.84765625 0.7921875 0.0546875 0.05078125
0 0.56328125 0.6515625 0.14375 0.07890625