1 0.8921875 0.28828125 0.0875 0.10546875
1 0.746875 0.74140625 0.02421875 0.02734375
1 0.56875 0.75390625 0.025 0.02734375
1 0.30703125 0.5171875 0.03046875 0.03828125
0 0.25546875 0.4296875 0.12421875 0.121875
0 0.35546875 0.39921875 0.03515625 0.0609375
0 0.48671875 0.40078125 0.0375 0.0671875
0 0.5484375 0.40078125 0.034375 0.0640625
1 0.48515625 0.29140625 0.05390625 0.059375
1 0.87578125 0.62890625 0.02109375 0.03046875
1 0.984375 0.6125 0.01953125 0.02265625
0 0.47578125 0.1375 0.221875 0.2453125
0 0.3140625 0.20625 0.06796875 0.1203125
2 0.1390625 0.184375 0.2734375 0.35625
1 0.36171875 0.65546875 0.16640625 0.08359375