0 0.7203125 0.66484375 0.08046875 0.17890625
0 0.81640625 0.54921875 0.03671875 0.121875
0 0.78515625 0.68515625 0.0578125 0.0390625
0 0.84375 0.67421875 0.0375 0.0921875
2 0.71640625 0.240625 0.11875 0.43359375
2 0.95234375 0.2140625 0.06875 0.125
2 0.9171875 0.0640625 0.08203125 0.10703125
2 0.4859375 0.36015625 0.12734375 0.28046875
2 0.6015625 0.43046875 0.1234375 0.30078125
2 0.321875 0.23125 0.0546875 0.17578125
1 0.33046875 0.1125 0.63203125 0.1765625
1 0.81875 0.08359375 0.0984375 0.15
1 0.9765625 0.06875 0.03671875 0.1296875
1 0.8796875 0.64453125 0.021875 0.0859375
1 0.98046875 0.646875 0.028125 0.12421875
1 0.24921875 0.67890625 0.3015625 0.16875
1 0.39375 0.853125 0.05703125 0.08984375
1 0.86484375 0.88125 0.253125 0.22109375