0 0.17421875 0.06171875 0.0359375 0.0515625
0 0.2375 0.12109375 0.0265625 0.0625
0 0.2734375 0.17421875 0.02890625 0.03984375
0 0.30234375 0.1984375 0.01796875 0.0265625
0 0.346875 0.26015625 0.05 0.09140625
0 0.39609375 0.30859375 0.015625 0.03203125
0 0.4234375 0.325 0.025 0.0296875
0 0.453125 0.36953125 0.02109375 0.0421875
0 0.4859375 0.4015625 0.02734375 0.04765625
0 0.503125 0.45859375 0.02109375 0.04296875
0 0.52578125 0.5578125 0.03671875 0.13046875
0 0.4734375 0.6203125 0.05546875 0.03359375
0 0.34609375 0.61875 0.075 0.0421875
0 0.4 0.65546875 0.0421875 0.04296875
0 0.609375 0.6875 0.0578125 0.040625
0 0.6796875 0.725 0.02109375 0.02421875
1 0.23984375 0.57265625 0.0359375 0.0890625
1 0.6640625 0.60234375 0.0671875 0.27890625
1 0.728125 0.6203125 0.06328125 0.2890625