0 0.38515625 0.3015625 0.25 0.2875
0 0.51640625 0.44296875 0.1 0.0640625
0 0.58125 0.53984375 0.04140625 0.05078125
0 0.640625 0.55 0.03046875 0.05625
0 0.71875 0.55078125 0.05859375 0.053125
0 0.67890625 0.23203125 0.20234375 0.434375
2 0.5140625 0.2203125 0.15625 0.40625
2 0.63046875 0.03359375 0.08125 0.0421875
1 0.14140625 0.68046875 0.2421875 0.21171875
1 0.49609375 0.61796875 0.4296875 0.0625
1 0.409375 0.7078125 0.153125 0.20703125
1 0.64140625 0.74453125 0.1390625 0.215625
1 0.49140625 0.94375 0.028125 0.046875
1 0.75859375 0.865625 0.0421875 0.059375