0 0.64765625 0.453125 0.0796875 0.13203125
0 0.74453125 0.54609375 0.0375 0.07265625
0 0.8015625 0.60390625 0.0609375 0.0703125
0 0.8546875 0.6171875 0.01796875 0.05
1 0.4609375 0.5640625 0.02890625 0.04375
1 0.703125 0.59921875 0.04765625 0.053125
1 0.4765625 0.7140625 0.07421875 0.046875
1 0.18359375 0.70078125 0.03984375 0.05390625
1 0.04921875 0.75234375 0.0515625 0.021875
1 0.1703125 0.79296875 0.03515625 0.028125
1 0.5328125 0.76953125 0.02109375 0.05546875
1 0.03359375 0.57421875 0.025 0.046875
2 0.23515625 0.078125 0.2640625 0.1421875
2 0.25859375 0.375 0.1828125 0.42734375
2 0.4296875 0.07109375 0.08203125 0.13203125
2 0.5546875 0.10625 0.10625 0.18203125
2 0.73828125 0.2234375 0.23203125 0.4140625
2 0.80859375 0.49921875 0.07734375 0.125