0 0.18203125 0.5484375 0.2078125 0.06328125
0 0.4171875 0.47734375 0.2515625 0.20859375
0 0.59453125 0.45234375 0.10078125 0.0828125
0 0.0234375 0.509375 0.04375 0.1609375
0 0.0625 0.596875 0.01796875 0.07890625
0 0.06171875 0.71171875 0.1046875 0.209375
2 0.128125 0.34921875 0.225 0.22578125
2 0.3171875 0.2359375 0.146875 0.1984375
2 0.59453125 0.18359375 0.140625 0.203125
1 0.18515625 0.7234375 0.04140625 0.0734375
0 0.1921875 0.621875 0.02734375 0.07734375
1 0.26953125 0.71875 0.06171875 0.078125
1 0.55703125 0.6984375 0.03359375 0.05234375
1 0.628125 0.575 0.059375 0.06640625
0 0.2796875 0.62265625 0.02265625 0.05234375
0 0.33515625 0.61171875 0.02265625 0.03046875
1 0.89453125 0.690625 0.03046875 0.03671875