0 0.071875 0.16015625 0.13671875 0.14453125
0 0.184375 0.25390625 0.08671875 0.140625
0 0.29140625 0.384375 0.10625 0.11953125
0 0.41640625 0.4875 0.1375 0.125
0 0.521875 0.55078125 0.0703125 0.18828125
0 0.63984375 0.6625 0.0828125 0.1234375
0 0.72578125 0.71015625 0.090625 0.16015625
0 0.84296875 0.796875 0.071875 0.08671875
0 0.90390625 0.8515625 0.0515625 0.0328125
1 0.11484375 0.5640625 0.0328125 0.0609375
1 0.16640625 0.546875 0.0390625 0.0671875
1 0.24453125 0.55234375 0.0265625 0.0734375
1 0.3921875 0.55546875 0.0765625 0.071875