0 0.14921875 0.35625 0.08359375 0.09765625
0 0.309375 0.384375 0.0671875 0.04765625
0 0.4109375 0.38203125 0.065625 0.0421875
0 0.2390625 0.321875 0.01875 0.0171875
0 0.53515625 0.4375 0.04921875 0.046875
0 0.6625 0.4203125 0.0734375 0.0625
0 0.1828125 0.7390625 0.0484375 0.10859375
0 0.26484375 0.76328125 0.0984375 0.0984375
0 0.36171875 0.8203125 0.1 0.1140625
0 0.64375 0.728125 0.06953125 0.1265625
0 0.79921875 0.753125 0.1796875 0.1515625
0 0.93515625 0.78984375 0.07734375 0.0890625
2 0.3125 0.1578125 0.340625 0.31484375
2 0.7390625 0.1921875 0.46171875 0.36796875
2 0.784375 0.584375 0.13125 0.12421875
2 0.88046875 0.565625 0.05859375 0.10078125
2 0.9265625 0.72109375 0.040625 0.03984375
2 0.58984375 0.58359375 0.128125 0.14765625
2 0.15625 0.64375 0.0640625 0.1234375
2 0.2796875 0.6515625 0.09765625 0.06640625
2 0.35625 0.74453125 0.06328125 0.03046875
2 0.03125 0.60625 0.05234375 0.16640625