0 0.14375 0.4921875 0.14140625 0.20234375
0 0.1171875 0.74765625 0.07734375 0.1296875
0 0.471875 0.346875 0.17109375 0.22265625
0 0.6125 0.39609375 0.11875 0.12421875
0 0.72109375 0.2046875 0.0796875 0.05703125
0 0.76015625 0.37890625 0.10625 0.12421875
0 0.85625 0.24140625 0.0703125 0.1828125
0 0.91875 0.246875 0.0359375 0.12109375
0 0.1453125 0.0515625 0.065625 0.103125
0 0.07578125 0.0421875 0.034375 0.084375
0 0.2453125 0.23359375 0.09921875 0.27578125
0 0.246875 0.57734375 0.07109375 0.359375