0 0.36640625 0.3375 0.1484375 0.2671875
0 0.73671875 0.23671875 0.11640625 0.23828125
2 0.58359375 0.29140625 0.18125 0.26796875
2 0.2703125 0.0953125 0.41796875 0.1828125
1 0.23203125 0.7234375 0.4609375 0.42421875
1 0.57578125 0.60625 0.0265625 0.05546875
1 0.90390625 0.34375 0.16875 0.19296875
1 0.784375 0.74609375 0.03359375 0.06484375
1 0.73828125 0.58125 0.06953125 0.07109375
1 0.90234375 0.72421875 0.0578125 0.059375
1 0.88203125 0.64453125 0.0890625 0.07578125
0 0.49375 0.51171875 0.0515625 0.159375
2 0.15234375 0.33828125 0.1640625 0.2078125