0 0.0734375 0.14765625 0.128125 0.14921875
0 0.1921875 0.26328125 0.08984375 0.159375
0 0.28984375 0.384375 0.1078125 0.13203125
0 0.4234375 0.49140625 0.1328125 0.1515625
0 0.5859375 0.625 0.1984375 0.20234375
0 0.746875 0.7390625 0.12265625 0.14609375
0 0.8734375 0.809375 0.12109375 0.11953125
1 0.1171875 0.5421875 0.04140625 0.07265625
1 0.16953125 0.53671875 0.0234375 0.0578125
1 0.23984375 0.5359375 0.04296875 0.06953125
1 0.396875 0.546875 0.0359375 0.06953125
1 0.37265625 0.546875 0.025 0.04296875
1 0.44140625 0.540625 0.0234375 0.0640625