0 0.17109375 0.63125 0.32421875 0.253125
0 0.4828125 0.446875 0.27890625 0.3640625
0 0.6578125 0.10546875 0.21640625 0.2109375
2 0.425 0.11484375 0.27109375 0.21640625
2 0.36015625 0.39453125 0.1078125 0.1921875
1 0.14296875 0.6890625 0.0640625 0.0765625
1 0.22890625 0.6640625 0.05859375 0.08515625
1 0.39375 0.68671875 0.05625 0.09375
1 0.165625 0.846875 0.16953125 0.0765625
1 0.1890625 0.93203125 0.21015625 0.10390625
1 0.33984375 0.80859375 0.034375 0.0796875
1 0.41640625 0.8078125 0.03671875 0.07109375
1 0.39296875 0.934375 0.0859375 0.06796875