0 0.525 0.33515625 0.46015625 0.64765625
1 0.2328125 0.584375 0.09609375 0.1203125
1 0.3484375 0.58203125 0.1234375 0.13125
1 0.7671875 0.4984375 0.109375 0.1171875
1 0.9546875 0.56953125 0.0875 0.12890625
1 0.75 0.66796875 0.12890625 0.103125
1 0.746875 0.80546875 0.13125 0.121875
1 0.20234375 0.790625 0.08359375 0.07265625
1 0.23984375 0.97109375 0.1296875 0.03984375
1 0.359375 0.9046875 0.1078125 0.03125
1 0.92109375 0.78984375 0.04375 0.02578125
1 0.97578125 0.840625 0.040625 0.02734375
1 0.93046875 0.9671875 0.05 0.0390625