0 0.7203125 0.571875 0.0875 0.1375
0 0.78828125 0.59140625 0.05078125 0.0390625
0 0.8203125 0.4671875 0.06171875 0.10078125
0 0.8375 0.575 0.04296875 0.06640625
2 0.7203125 0.19453125 0.140625 0.34765625
2 0.5109375 0.3046875 0.271875 0.29375
2 0.940625 0.18671875 0.10390625 0.1390625
2 0.321875 0.26015625 0.07109375 0.1515625
1 0.1734375 0.5671875 0.26328125 0.17109375
1 0.3734375 0.5703125 0.06328125 0.1265625
1 0.3953125 0.7421875 0.03515625 0.03828125
1 0.3265625 0.08515625 0.63359375 0.140625
1 0.5765625 0.20625 0.11640625 0.06484375
1 0.87890625 0.06015625 0.234375 0.1203125