0 0.1640625 0.53046875 0.21171875 0.35859375
0 0.296875 0.4765625 0.0828125 0.0703125
0 0.4921875 0.41015625 0.259375 0.08046875
0 0.36953125 0.2328125 0.0515625 0.05
0 0.6890625 0.44921875 0.13515625 0.13125
0 0.71640625 0.5921875 0.0640625 0.1328125
0 0.49765625 0.76015625 0.309375 0.096875
2 0.26640625 0.24921875 0.13046875 0.1453125
1 0.653125 0.10234375 0.25703125 0.18671875
1 0.43125 0.0734375 0.12578125 0.046875
1 0.31953125 0.0609375 0.0578125 0.04453125
1 0.33671875 0.14609375 0.0578125 0.06328125
1 0.0453125 0.215625 0.08828125 0.046875
1 0.596875 0.225 0.04765625 0.04375