0 0.74375 0.31171875 0.2296875 0.2828125
0 0.553125 0.35078125 0.03125 0.02578125
0 0.60703125 0.3765625 0.06015625 0.02890625
0 0.48203125 0.1671875 0.05078125 0.03671875
0 0.4703125 0.33515625 0.06328125 0.02890625
2 0.68125 0.728125 0.14296875 0.3
1 0.134375 0.1296875 0.1109375 0.0875
1 0.44609375 0.73984375 0.05078125 0.02890625
1 0.89921875 0.75 0.10703125 0.13515625
1 0.20546875 0.69453125 0.06484375 0.04296875
1 0.20234375 0.44140625 0.10703125 0.0765625
1 0.3140625 0.22109375 0.10234375 0.059375