0 0.9203125 0.51953125 0.1234375 0.075
0 0.75390625 0.503125 0.05 0.0671875
1 0.58046875 0.88984375 0.175 0.14921875
1 0.534375 0.6625 0.04296875 0.05
1 0.615625 0.67734375 0.03671875 0.05625
1 0.534375 0.74140625 0.0703125 0.0609375
1 0.7265625 0.696875 0.03828125 0.0453125
1 0.83671875 0.709375 0.05078125 0.03828125
1 0.896875 0.70625 0.04453125 0.0625
1 0.83984375 0.8015625 0.0640625 0.0640625
1 0.43671875 0.85703125 0.06328125 0.06484375
1 0.4046875 0.6890625 0.05390625 0.0671875
2 0.675 0.3578125 0.11953125 0.22265625
2 0.58671875 0.15 0.1265625 0.23203125
2 0.3984375 0.35546875 0.1265625 0.14296875
2 0.2265625 0.3078125 0.2234375 0.246875
2 0.9484375 0.3859375 0.06484375 0.1734375
2 0.76953125 0.2109375 0.0796875 0.14921875
2 0.10859375 0.08359375 0.21171875 0.165625