0 0.41328125 0.58203125 0.1734375 0.26015625
1 0.6609375 0.48671875 0.0625 0.075
1 0.77421875 0.54453125 0.0484375 0.08671875
1 0.9109375 0.5390625 0.0515625 0.0984375
1 0.78046875 0.67578125 0.07890625 0.03125
1 0.77578125 0.79140625 0.090625 0.040625
1 0.84765625 0.94765625 0.0640625 0.075
1 0.91328125 0.65703125 0.075 0.01953125
1 0.9125 0.778125 0.0890625 0.05078125
1 0.65859375 0.60625 0.07265625 0.065625
1 0.66171875 0.703125 0.075 0.09140625
1 0.66171875 0.790625 0.08125 0.02890625
0 0.4328125 0.7609375 0.0421875 0.0484375