0 0.34140625 0.5109375 0.33515625 0.46796875
1 0.6828125 0.5796875 0.0546875 0.1015625
1 0.78984375 0.6046875 0.06953125 0.06640625
1 0.89609375 0.7421875 0.15625 0.103125
1 0.7125 0.7453125 0.06484375 0.07578125
1 0.52890625 0.7015625 0.028125 0.0453125
1 0.60078125 0.74375 0.02578125 0.02890625
1 0.46171875 0.79375 0.034375 0.03046875
1 0.2984375 0.8078125 0.04765625 0.034375
1 0.30859375 0.70859375 0.1046875 0.05625
1 0.23359375 0.7125 0.04609375 0.04765625
1 0.1921875 0.5609375 0.028125 0.034375
1 0.0359375 0.74765625 0.0484375 0.05234375
1 0.09140625 0.76640625 0.04140625 0.046875
1 0.16796875 0.815625 0.03984375 0.028125
1 0.23203125 0.8109375 0.028125 0.03125