0 0.0734375 0.4875 0.04296875 0.05390625
0 0.32734375 0.5296875 0.075 0.1015625
0 0.66875 0.578125 0.0234375 0.0984375
0 0.66015625 0.7578125 0.0234375 0.03984375
0 0.596875 0.97421875 0.04296875 0.03984375
0 0.6484375 0.37890625 0.07734375 0.17109375
0 0.865625 0.27578125 0.0625 0.07578125
2 0.15703125 0.2453125 0.23046875 0.44140625
2 0.45546875 0.16640625 0.1296875 0.26640625
2 0.41875 0.4171875 0.08046875 0.18203125
2 0.74921875 0.1921875 0.146875 0.3078125
1 0.7765625 0.93984375 0.19609375 0.078125