0 0.028125 0.85546875 0.0484375 0.028125
0 0.0921875 0.82734375 0.028125 0.0328125
0 0.19375 0.8015625 0.05546875 0.05
0 0.27734375 0.77265625 0.04765625 0.0359375
0 0.3625 0.79375 0.05703125 0.0453125
0 0.45 0.809375 0.065625 0.0421875
0 0.59375 0.9375 0.21328125 0.04453125
0 0.7515625 0.90078125 0.0765625 0.04765625
0 0.97265625 0.74296875 0.0484375 0.03359375
0 0.72265625 0.76328125 0.0265625 0.0140625
2 0.5875 0.41953125 0.31328125 0.21484375
2 0.36015625 0.7 0.1859375 0.1296875
2 0.35625 0.459375 0.11875 0.2171875
2 0.0984375 0.4546875 0.08515625 0.090625