0 0.37109375 0.27109375 0.121875 0.1078125
0 0.32578125 0.425 0.059375 0.13359375
0 0.30625 0.53359375 0.05078125 0.0578125
0 0.36171875 0.521875 0.02109375 0.03828125
2 0.5046875 0.13046875 0.1734375 0.23125
1 0.08671875 0.3890625 0.1 0.1140625
1 0.0703125 0.4953125 0.075 0.078125
1 0.16953125 0.49921875 0.04140625 0.0671875
1 0.17265625 0.40859375 0.0578125 0.0671875
1 0.24921875 0.38671875 0.08671875 0.09296875
1 0.103125 0.18359375 0.03359375 0.05078125
1 0.97265625 0.51484375 0.02890625 0.0734375
1 0.75703125 0.34609375 0.0375 0.05703125