0 0.23828125 0.69375 0.296875 0.2328125
0 0.434375 0.60390625 0.07890625 0.1546875
0 0.7 0.34609375 0.07421875 0.23203125
2 0.45390625 0.315625 0.27578125 0.37890625
1 0.4953125 0.81796875 0.03125 0.09296875
1 0.56171875 0.73125 0.07265625 0.06953125
1 0.70703125 0.625 0.12265625 0.10859375
1 0.7921875 0.73203125 0.07109375 0.10078125
1 0.875 0.696875 0.028125 0.05390625
1 0.67734375 0.8203125 0.0265625 0.0390625
1 0.77109375 0.81875 0.01484375 0.03671875
1 0.82578125 0.890625 0.01953125 0.0609375
1 0.934375 0.95390625 0.115625 0.0703125