0 0.4671875 0.36484375 0.0625 0.07890625
0 0.61015625 0.3265625 0.234375 0.14296875
2 0.78671875 0.16640625 0.3921875 0.31484375
2 0.3125 0.1375 0.53515625 0.24453125
1 0.03515625 0.4078125 0.06640625 0.078125
1 0.07890625 0.47578125 0.06484375 0.06953125
1 0.13828125 0.29296875 0.07578125 0.05546875
1 0.39296875 0.78125 0.034375 0.05390625
1 0.46796875 0.7796875 0.04296875 0.07265625
1 0.38671875 0.84921875 0.04140625 0.03125
1 0.46328125 0.85703125 0.0484375 0.05390625
1 0.0109375 0.66640625 0.021875 0.04375
1 0.20390625 0.64921875 0.15078125 0.17734375
1 0.3140625 0.68203125 0.07109375 0.05859375
1 0.34296875 0.34296875 0.04453125 0.0515625
1 0.38671875 0.35625 0.021875 0.0765625