0 0.1421875 0.59765625 0.1546875 0.103125
0 0.22734375 0.6984375 0.0578125 0.14140625
0 0.371875 0.65390625 0.0171875 0.05625
0 0.53515625 0.6015625 0.125 0.1828125
0 0.62109375 0.5109375 0.0359375 0.08203125
0 0.7328125 0.48984375 0.028125 0.053125
0 0.79296875 0.5015625 0.03828125 0.09296875
1 0.49296875 0.728125 0.03046875 0.05078125
1 0.575 0.728125 0.0578125 0.04140625
1 0.62109375 0.6890625 0.0078125 0.03671875
1 0.7046875 0.3921875 0.0359375 0.05859375
1 0.340625 0.30390625 0.02109375 0.0375
1 0.053125 0.62890625 0.03203125 0.0796875