0 0.1296875 0.55078125 0.2046875 0.3390625
0 0.3390625 0.58984375 0.2046875 0.26484375
0 0.50390625 0.54765625 0.11171875 0.1546875
0 0.61796875 0.425 0.1359375 0.18984375
2 0.2609375 0.2203125 0.521875 0.43359375
1 0.26171875 0.83125 0.42265625 0.23515625
0 0.49140625 0.74140625 0.01875 0.1453125
1 0.60078125 0.79296875 0.07109375 0.328125
1 0.6796875 0.846875 0.07109375 0.26875
1 0.8578125 0.7546875 0.27890625 0.46953125
1 0.01484375 0.80390625 0.02578125 0.10078125
1 0.02109375 0.9359375 0.0421875 0.08125
2 0.59453125 0.17734375 0.11640625 0.24375