0 0.23984375 0.63984375 0.19375 0.27890625
0 0.08828125 0.6953125 0.078125 0.059375
0 0.3859375 0.5625 0.05703125 0.103125
0 0.48359375 0.72890625 0.1234375 0.12890625
0 0.55 0.8390625 0.0421875 0.046875
0 0.60234375 0.6765625 0.075 0.10859375
0 0.6625 0.559375 0.03828125 0.07578125
0 0.7171875 0.64765625 0.05 0.08515625
0 0.8953125 0.69921875 0.0609375 0.05078125
0 0.496875 0.44453125 0.06796875 0.24453125
1 0.2984375 0.33515625 0.04453125 0.08125
1 0.92734375 0.8984375 0.05390625 0.08359375
1 0.70859375 0.28828125 0.253125 0.228125