0 0.690625 0.68984375 0.09296875 0.16875
1 0.95078125 0.2546875 0.090625 0.29453125
1 0.88828125 0.4578125 0.03359375 0.05234375
1 0.68984375 0.484375 0.053125 0.10546875
1 0.4578125 0.10078125 0.1421875 0.1453125
1 0.59375 0.1453125 0.10078125 0.15078125
1 0.4734375 0.259375 0.03984375 0.27734375
1 0.30625 0.5453125 0.1671875 0.1640625
1 0.40546875 0.8515625 0.215625 0.14765625
1 0.90546875 0.83359375 0.16015625 0.29296875
1 0.59609375 0.37265625 0.05234375 0.25078125
1 0.6078125 0.5875 0.07109375 0.125