0 0.19765625 0.26875 0.12734375 0.371875
0 0.36953125 0.28359375 0.134375 0.40859375
0 0.57578125 0.3703125 0.3125 0.18125
0 0.77421875 0.44375 0.0453125 0.10390625
0 0.68125 0.50859375 0.09609375 0.0828125
0 0.565625 0.5390625 0.08984375 0.06328125
0 0.5140625 0.67578125 0.14453125 0.02734375
0 0.63984375 0.6828125 0.03828125 0.0296875
0 0.390625 0.7 0.04140625 0.04296875
0 0.19140625 0.6859375 0.0515625 0.06015625
2 0.46796875 0.0671875 0.409375 0.1015625
2 0.56328125 0.1984375 0.203125 0.10703125