0 0.5078125 0.38984375 0.21171875 0.09296875
0 0.4171875 0.58828125 0.125 0.07890625
2 0.3453125 0.4078125 0.12890625 0.32265625
2 0.565625 0.2515625 0.209375 0.12890625
2 0.8171875 0.13203125 0.33984375 0.1984375
1 0.59140625 0.61328125 0.0609375 0.03359375
1 0.6625 0.61484375 0.05078125 0.02421875
1 0.7625 0.62109375 0.03515625 0.03046875
1 0.35078125 0.590625 0.02890625 0.025
1 0.18515625 0.628125 0.25703125 0.11171875
1 0.37265625 0.75 0.04765625 0.05
1 0.45859375 0.75390625 0.06015625 0.053125
1 0.01328125 0.2796875 0.02578125 0.05234375
1 0.5375 0.7625 0.034375 0.034375
1 0.5984375 0.75546875 0.03984375 0.046875
1 0.70703125 0.7578125 0.0265625 0.03671875
1 0.7828125 0.7734375 0.06953125 0.06171875