0 0.403125 0.61640625 0.18515625 0.30859375
1 0.72890625 0.54375 0.08671875 0.10625
1 0.80703125 0.7859375 0.14765625 0.0671875
1 0.74375 0.71328125 0.17109375 0.078125
1 0.04296875 0.74140625 0.0453125 0.028125
1 0.140625 0.74140625 0.04375 0.028125
1 0.21015625 0.74140625 0.0375 0.03359375
1 0.28359375 0.7375 0.03046875 0.028125
1 0.08125 0.35546875 0.0234375 0.0328125
1 0.18984375 0.35703125 0.0375 0.0390625
1 0.17578125 0.4359375 0.040625 0.03828125
1 0.25625 0.42578125 0.03046875 0.02265625
1 0.22109375 0.471875 0.0390625 0.028125
1 0.2984375 0.4765625 0.0203125 0.01953125
1 0.2890625 0.53046875 0.02734375 0.01953125
1 0.8953125 0.53671875 0.10859375 0.0578125
1 0.96640625 0.478125 0.0625 0.04453125