0 0.1046875 0.8421875 0.17421875 0.1671875
0 0.13125 0.6703125 0.05546875 0.04453125
0 0.27890625 0.79921875 0.11875 0.1796875
0 0.37265625 0.7625 0.040625 0.05625
0 0.48046875 0.57421875 0.275 0.33203125
0 0.5421875 0.7578125 0.03359375 0.0328125
0 0.528125 0.37734375 0.034375 0.06953125
0 0.5921875 0.34765625 0.046875 0.06171875
0 0.76640625 0.61484375 0.06796875 0.06640625
0 0.83203125 0.62734375 0.021875 0.03125
0 0.884375 0.6234375 0.02734375 0.05234375
0 0.7171875 0.78046875 0.07421875 0.0703125
0 0.9140625 0.72421875 0.1703125 0.0953125
0 0.915625 0.8828125 0.040625 0.0703125
2 0.65234375 0.08828125 0.28125 0.14609375
2 0.8953125 0.13125 0.1859375 0.10078125
2 0.49296875 0.34921875 0.0703125 0.19140625