0 0.0484375 0.6984375 0.03671875 0.0578125
0 0.10546875 0.690625 0.04375 0.07265625
0 0.2375 0.7765625 0.1390625 0.28046875
0 0.33359375 0.69921875 0.08125 0.05703125
0 0.4296875 0.72890625 0.13046875 0.23515625
0 0.54921875 0.6828125 0.03671875 0.0984375
0 0.58515625 0.709375 0.0265625 0.0625
0 0.62890625 0.684375 0.10625 0.253125
0 0.8453125 0.70703125 0.14375 0.1125
0 0.940625 0.725 0.0671875 0.075
1 0.9625 0.52265625 0.01015625 0.02421875
2 0.19609375 0.46640625 0.16328125 0.3
2 0.18125 0.14296875 0.16796875 0.24921875
2 0.35546875 0.0828125 0.11953125 0.1296875
2 0.40546875 0.45625 0.14140625 0.2828125
2 0.60859375 0.3 0.12734375 0.5265625
2 0.8125 0.3234375 0.1828125 0.5828125
2 0.0453125 0.21015625 0.05625 0.165625
2 0.3890625 0.21171875 0.06328125 0.09296875