2 0.2296875 0.6296875 0.04921875 0.084375
2 0.27109375 0.71328125 0.0515625 0.10078125
2 0.34765625 0.67734375 0.04140625 0.08125
2 0.5546875 0.56953125 0.13046875 0.12265625
2 0.784375 0.3625 0.0703125 0.1078125
2 0.365625 0.25546875 0.02890625 0.04296875
1 0.9375 0.25390625 0.0984375 0.08671875
1 0.88203125 0.66640625 0.0625 0.12265625
1 0.5546875 0.7453125 0.115625 0.109375
1 0.35859375 0.78046875 0.03359375 0.08125
1 0.31796875 0.90390625 0.0390625 0.0484375
1 0.14921875 0.88984375 0.0484375 0.05078125