0 0.4296875 0.621875 0.10390625 0.07421875
0 0.6015625 0.6109375 0.03515625 0.07265625
1 0.15859375 0.471875 0.034375 0.08671875
1 0.2109375 0.4984375 0.04375 0.040625
1 0.1453125 0.6046875 0.10625 0.08046875
1 0.09921875 0.70390625 0.00859375 0.06328125
1 0.1234375 0.77734375 0.08125 0.06640625
1 0.1734375 0.721875 0.01953125 0.103125
1 0.25234375 0.6484375 0.03203125 0.10234375
1 0.3 0.646875 0.0265625 0.08125
1 0.278125 0.54140625 0.04453125 0.025
1 0.540625 0.58203125 0.05390625 0.11953125
1 0.5015625 0.60625 0.0234375 0.04453125
1 0.55546875 0.721875 0.0359375 0.13046875
1 0.5140625 0.759375 0.02890625 0.02421875
1 0.5828125 0.0453125 0.05390625 0.0796875
1 0.7140625 0.2828125 0.0328125 0.03671875
2 0.3109375 0.26328125 0.2375 0.2265625