0 0.09609375 0.61875 0.0375 0.09765625
0 0.159375 0.6890625 0.02578125 0.03359375
0 0.228125 0.65546875 0.05078125 0.0421875
0 0.29921875 0.70234375 0.025 0.0328125
0 0.37265625 0.69765625 0.0578125 0.08125
0 0.51640625 0.68984375 0.1484375 0.0640625
0 0.66875 0.69375 0.11015625 0.09375
0 0.76953125 0.6703125 0.0265625 0.046875
0 0.8171875 0.68203125 0.0140625 0.034375
2 0.1515625 0.475 0.13671875 0.21796875
2 0.34609375 0.42421875 0.23984375 0.4125
2 0.65234375 0.36953125 0.35703125 0.5203125
2 0.8375 0.58046875 0.18984375 0.21171875
1 0.87734375 0.89921875 0.1546875 0.15