0 0.50703125 0.62890625 0.0953125 0.284375
0 0.56015625 0.4265625 0.11015625 0.2015625
0 0.6 0.57734375 0.06640625 0.08046875
0 0.58828125 0.71328125 0.06484375 0.16953125
0 0.459375 0.83515625 0.0140625 0.05546875
0 0.58359375 0.86875 0.08046875 0.146875
0 0.50234375 0.8453125 0.0484375 0.05234375
1 0.1875 0.56640625 0.06640625 0.09765625
1 0.15703125 0.64765625 0.06171875 0.06015625
1 0.0703125 0.70390625 0.0359375 0.0546875
1 0.07421875 0.3015625 0.12578125 0.09921875
1 0.4140625 0.69140625 0.059375 0.06328125
1 0.33203125 0.696875 0.0296875 0.04765625
1 0.41015625 0.77265625 0.05625 0.06171875
1 0.30546875 0.43359375 0.034375 0.19921875
1 0.47109375 0.246875 0.0359375 0.0578125
1 0.1234375 0.225 0.03359375 0.05
1 0.88203125 0.6484375 0.13203125 0.0578125