0 0.83125 0.5671875 0.15 0.25625
2 0.8296875 0.21640625 0.2109375 0.41015625
1 0.20546875 0.5390625 0.10625 0.14609375
1 0.47109375 0.6296875 0.0765625 0.12578125
1 0.59453125 0.540625 0.06328125 0.11015625
1 0.6296875 0.421875 0.0609375 0.11171875
1 0.10390625 0.8046875 0.0390625 0.0328125
1 0.303125 0.7796875 0.04921875 0.03046875
1 0.4171875 0.784375 0.10078125 0.0515625
1 0.5765625 0.76484375 0.11875 0.05625
1 0.59453125 0.82265625 0.10078125 0.0484375
1 0.29765625 0.87578125 0.05 0.05
1 0.45078125 0.85625 0.034375 0.0421875
1 0.628125 0.87578125 0.4859375 0.221875