0 0.2625 0.64140625 0.11171875 0.1140625
0 0.11328125 0.65703125 0.06328125 0.04140625
0 0.05234375 0.53671875 0.0984375 0.05546875
0 0.215625 0.5484375 0.11640625 0.0453125
0 0.35625 0.5453125 0.03046875 0.025
0 0.409375 0.5515625 0.021875 0.0109375
0 0.6234375 0.64609375 0.05625 0.03828125
0 0.8171875 0.58046875 0.04375 0.0859375
2 0.6046875 0.82734375 0.221875 0.11484375
2 0.16328125 0.92734375 0.096875 0.06484375
2 0.0375 0.86953125 0.075 0.0703125
2 0.1203125 0.36328125 0.15703125 0.23125
2 0.546875 0.35859375 0.10703125 0.1734375
2 0.53828125 0.596875 0.08359375 0.1359375
2 0.7265625 0.65859375 0.059375 0.04921875
2 0.0765625 0.10390625 0.13125 0.1625