0 0.18671875 0.5984375 0.0765625 0.115625
0 0.17109375 0.27265625 0.05625 0.075
0 0.3078125 0.30625 0.05234375 0.06015625
0 0.34375 0.35625 0.04765625 0.0671875
0 0.35703125 0.48046875 0.0265625 0.04921875
0 0.5890625 0.5796875 0.040625 0.09375
0 0.6375 0.58203125 0.02734375 0.05703125
0 0.7796875 0.7265625 0.02109375 0.0296875
0 0.6765625 0.3234375 0.03671875 0.0828125
0 0.53359375 0.3609375 0.028125 0.04921875
0 0.54375 0.28515625 0.03046875 0.040625
2 0.09609375 0.25234375 0.1921875 0.5
2 0.24765625 0.134375 0.10546875 0.2453125
2 0.4203125 0.24921875 0.21640625 0.49609375
2 0.603125 0.43828125 0.0734375 0.15703125
2 0.58203125 0.23515625 0.08125 0.15625
2 0.63125 0.103125 0.171875 0.1703125