0 0.065625 0.52421875 0.13046875 0.125
0 0.36796875 0.6171875 0.3734375 0.178125
0 0.74921875 0.67734375 0.35078125 0.17890625
0 0.95703125 0.7109375 0.05546875 0.06875
0 0.759375 0.46484375 0.05234375 0.04140625
0 0.8328125 0.46875 0.0453125 0.0296875
0 0.484375 0.46328125 0.08046875 0.05625
0 0.20859375 0.440625 0.028125 0.025
0 0.2609375 0.434375 0.01484375 0.0171875
2 0.65390625 0.46328125 0.13046875 0.11171875
2 0.22734375 0.2375 0.4046875 0.30703125
2 0.03984375 0.3953125 0.07265625 0.071875