0 0.12421875 0.13125 0.1734375 0.1421875
0 0.29921875 0.33046875 0.18359375 0.234375
0 0.46328125 0.496875 0.1421875 0.15390625
0 0.5828125 0.565625 0.07109375 0.1671875
0 0.73046875 0.72109375 0.1953125 0.203125
0 0.928125 0.86640625 0.13359375 0.13515625
0 0.9 0.7359375 0.02578125 0.0328125
2 0.6984375 0.534375 0.0375 0.1640625
2 0.49765625 0.378125 0.0375 0.07890625
1 0.146875 0.56171875 0.0234375 0.0703125
1 0.20390625 0.56171875 0.0390625 0.103125
1 0.271875 0.5546875 0.0546875 0.0953125
1 0.45 0.5640625 0.1015625 0.07578125