0 0.44296875 0.4171875 0.21796875 0.29609375
0 0.29375 0.63359375 0.11875 0.2171875
0 0.44453125 0.83046875 0.4046875 0.0890625
0 0.63125 0.34921875 0.08359375 0.0953125
0 0.68515625 0.53828125 0.03359375 0.05
0 0.75703125 0.7046875 0.18984375 0.27734375
0 0.62421875 0.68359375 0.05625 0.0484375
0 0.4890625 0.703125 0.06875 0.05390625
0 0.55859375 0.73046875 0.0234375 0.0203125
0 0.1796875 0.86328125 0.0328125 0.03046875
2 0.771875 0.2609375 0.40859375 0.5125
2 0.2875 0.425 0.115625 0.165625
2 0.91015625 0.671875 0.10625 0.20234375