0 0.07109375 0.26796875 0.0828125 0.115625
0 0.24296875 0.340625 0.040625 0.0625
0 0.3015625 0.15 0.03671875 0.05546875
0 0.35625 0.6359375 0.06015625 0.078125
0 0.55 0.41484375 0.0625 0.075
0 0.61484375 0.26171875 0.02109375 0.02421875
0 0.51328125 0.27890625 0.04765625 0.08203125
0 0.6875 0.49765625 0.040625 0.0796875
0 0.76015625 0.4453125 0.05546875 0.08984375
0 0.796875 0.625 0.028125 0.05546875
0 0.828125 0.7671875 0.05078125 0.0625
0 0.88671875 0.38125 0.015625 0.03828125
0 0.896875 0.31953125 0.0296875 0.053125
0 0.971875 0.12109375 0.04609375 0.0703125
0 0.74453125 0.93515625 0.07734375 0.09609375
0 0.65 0.93359375 0.075 0.0671875
0 0.5671875 0.95625 0.02734375 0.03203125
0 0.45546875 0.946875 0.07109375 0.05625
0 0.253125 0.93984375 0.11015625 0.04765625
0 0.01875 0.9296875 0.0375 0.046875
2 0.89921875 0.17421875 0.06171875 0.21953125
2 0.82265625 0.30234375 0.1 0.25625
2 0.67109375 0.17734375 0.06953125 0.28984375
2 0.60390625 0.1453125 0.04453125 0.18671875
2 0.50859375 0.13203125 0.0640625 0.20859375
2 0.3734375 0.28046875 0.084375 0.2234375
2 0.2765625 0.14921875 0.13984375 0.2875
2 0.07890625 0.1203125 0.11953125 0.2125