0 0.12734375 0.134375 0.17734375 0.178125
0 0.30703125 0.328125 0.1734375 0.2484375
0 0.46328125 0.4875 0.140625 0.17578125
0 0.5734375 0.5703125 0.075 0.1015625
0 0.68046875 0.675 0.11484375 0.146875
0 0.7828125 0.75546875 0.084375 0.13515625
0 0.9015625 0.83984375 0.0765625 0.08828125
1 0.14609375 0.56328125 0.04140625 0.0859375
1 0.2015625 0.5546875 0.02734375 0.10234375
1 0.271875 0.55390625 0.03828125 0.06640625
1 0.42734375 0.571875 0.07421875 0.06953125
1 0.66171875 0.70078125 0.04140625 0.09609375