0 0.42265625 0.8015625 0.05546875 0.1265625
0 0.49140625 0.928125 0.034375 0.07734375
0 0.54921875 0.84296875 0.06328125 0.0671875
0 0.54609375 0.928125 0.06796875 0.0609375
0 0.60390625 0.89375 0.053125 0.07734375
0 0.49609375 0.59765625 0.03359375 0.08046875
0 0.49921875 0.6921875 0.0421875 0.0546875
0 0.4703125 0.68671875 0.03359375 0.1015625
0 0.49375 0.5109375 0.03046875 0.0859375
0 0.46328125 0.47109375 0.0296875 0.09140625
0 0.48515625 0.38046875 0.0453125 0.196875
0 0.5484375 0.4359375 0.06796875 0.16640625
0 0.5703125 0.64921875 0.08515625 0.06875
0 0.55078125 0.765625 0.03125 0.06953125
0 0.5890625 0.759375 0.0203125 0.0796875
0 0.56640625 0.55703125 0.040625 0.06953125
0 0.48046875 0.22890625 0.01640625 0.04921875
2 0.74921875 0.29921875 0.46328125 0.596875
2 0.65703125 0.71875 0.0734375 0.19609375
1 0.1296875 0.58046875 0.0625 0.05859375
1 0.21796875 0.590625 0.05703125 0.0625
1 0.31484375 0.69765625 0.10078125 0.0328125
1 0.03359375 0.7078125 0.0671875 0.07734375
1 0.10859375 0.66015625 0.08828125 0.07265625
1 0.0421875 0.49375 0.07265625 0.071875
1 0.09765625 0.421875 0.0359375 0.0765625
1 0.0625 0.27734375 0.10390625 0.0984375
1 0.31484375 0.32734375 0.0328125 0.03515625
1 0.2703125 0.43125 0.03203125 0.1828125
1 0.44296875 0.2296875 0.05859375 0.06875
1 0.296875 0.24921875 0.04296875 0.03359375
1 0.66328125 0.96328125 0.07265625 0.06875
1 0.903125 0.615625 0.18984375 0.09140625
1 0.90859375 0.55 0.03046875 0.03515625