0 0.25546875 0.62734375 0.02421875 0.0359375
0 0.3953125 0.6359375 0.028125 0.05625
0 0.5078125 0.63125 0.06640625 0.07421875
0 0.665625 0.6734375 0.04453125 0.03828125
0 0.76484375 0.65546875 0.065625 0.0390625
2 0.7078125 0.4671875 0.11484375 0.31953125
2 0.63671875 0.5234375 0.06953125 0.21640625
2 0.51015625 0.46640625 0.053125 0.20390625
1 0.08828125 0.81171875 0.025 0.02578125
1 0.33828125 0.7671875 0.0140625 0.034375
1 0.553125 0.7703125 0.02578125 0.04140625
1 0.740625 0.7234375 0.0296875 0.059375
1 0.56796875 0.8703125 0.11484375 0.06171875
1 0.85859375 0.8515625 0.046875 0.0640625