0 0.209375 0.7609375 0.07265625 0.1265625
0 0.2984375 0.8140625 0.1046875 0.1109375
0 0.38125 0.77734375 0.03828125 0.09453125
0 0.2546875 0.58046875 0.10859375 0.17109375
2 0.08125 0.2625 0.1515625 0.51875
2 0.17890625 0.3171875 0.03984375 0.35703125
2 0.2359375 0.3796875 0.08515625 0.21484375
2 0.33984375 0.55625 0.06328125 0.15078125
2 0.09453125 0.6421875 0.1640625 0.22890625
1 0.62890625 0.75390625 0.1 0.07578125
1 0.72421875 0.73359375 0.06640625 0.05859375
1 0.9046875 0.67734375 0.05546875 0.03828125