0 0.0125 0.3734375 0.02109375 0.04375
0 0.12109375 0.36484375 0.02109375 0.02421875
0 0.1671875 0.37265625 0.034375 0.028125
0 0.21796875 0.37109375 0.028125 0.03359375
0 0.26640625 0.3640625 0.01953125 0.034375
0 0.3234375 0.365625 0.03671875 0.03359375
0 0.375 0.371875 0.025 0.04921875
0 0.4265625 0.36875 0.02578125 0.046875
0 0.50078125 0.36171875 0.059375 0.05078125
0 0.55234375 0.36015625 0.03515625 0.0390625
0 0.61640625 0.3671875 0.04453125 0.05390625
0 0.68125 0.3703125 0.0328125 0.034375
0 0.7390625 0.36875 0.03203125 0.04140625
0 0.79296875 0.3671875 0.03515625 0.0578125
0 0.85859375 0.36875 0.04765625 0.0578125
0 0.91328125 0.37421875 0.02578125 0.034375
0 0.97734375 0.37421875 0.0265625 0.04140625
0 0.871875 0.49140625 0.08671875 0.05859375
0 0.4765625 0.54609375 0.115625 0.10625
0 0.16875 0.49921875 0.1796875 0.159375
2 0.80390625 0.20546875 0.146875 0.175