0 0.2953125 0.35390625 0.14453125 0.34453125
1 0.48828125 0.08203125 0.10703125 0.15546875
1 0.4609375 0.30234375 0.1671875 0.0875
1 0.59296875 0.26328125 0.0515625 0.09296875
1 0.65859375 0.3328125 0.0453125 0.103125
1 0.44140625 0.4203125 0.08046875 0.08671875
1 0.3734375 0.36328125 0.046875 0.0578125
1 0.37265625 0.45078125 0.05859375 0.03828125
1 0.50546875 0.4203125 0.0546875 0.04765625
1 0.45625 0.71796875 0.0578125 0.03984375
1 0.50703125 0.6421875 0.08125 0.05
1 0.49921875 0.74765625 0.05859375 0.05234375
1 0.0234375 0.43125 0.04453125 0.09453125
1 0.02109375 0.30859375 0.0421875 0.06640625
1 0.021875 0.2203125 0.04375 0.0609375
1 0.05546875 0.25546875 0.01796875 0.0390625
1 0.0484375 0.5828125 0.06484375 0.04375
1 0.80546875 0.24296875 0.12578125 0.09453125
1 0.8546875 0.32265625 0.0609375 0.0390625
1 0.79453125 0.40703125 0.109375 0.0734375
1 0.79921875 0.61875 0.06171875 0.04140625
1 0.775 0.72578125 0.0953125 0.08046875
1 0.84921875 0.878125 0.2703125 0.20703125
1 0.759375 0.05390625 0.11171875 0.1078125