0 0.63984375 0.62109375 0.0390625 0.0578125
0 0.59765625 0.6359375 0.053125 0.08359375
0 0.7171875 0.61875 0.0328125 0.03671875
0 0.75546875 0.72890625 0.04609375 0.05234375
0 0.94609375 0.746875 0.03515625 0.03828125
1 0.58046875 0.75625 0.0109375 0.02421875
1 0.58203125 0.80703125 0.0078125 0.021875
1 0.59296875 0.8640625 0.025 0.02265625
1 0.65625 0.8625 0.01015625 0.02421875
1 0.34453125 0.50078125 0.08671875 0.11015625
1 0.1796875 0.60859375 0.08515625 0.04453125
1 0.2671875 0.540625 0.02109375 0.04375
1 0.103125 0.66171875 0.0875 0.0578125
2 0.45703125 0.3328125 0.2125 0.2734375
2 0.596875 0.5 0.25078125 0.16796875
2 0.81484375 0.64296875 0.0875 0.1015625