0 0.6609375 0.55703125 0.23671875 0.48046875
0 0.61328125 0.84609375 0.0265625 0.0359375
0 0.70703125 0.8265625 0.0375 0.05234375
2 0.6921875 0.1859375 0.25234375 0.325
2 0.934375 0.62265625 0.10546875 0.27109375
1 0.078125 0.4421875 0.06796875 0.15625
1 0.16640625 0.5984375 0.09765625 0.1515625
1 0.31875 0.5515625 0.11953125 0.16171875
1 0.40546875 0.5609375 0.03359375 0.13984375
1 0.45859375 0.49765625 0.05234375 0.16171875
1 0.25 0.109375 0.1484375 0.2125
1 0.478125 0.19453125 0.27734375 0.11484375
1 0.415625 0.08359375 0.084375 0.15390625
1 0.9625 0.24921875 0.06640625 0.13203125