1 0.196875 0.77265625 0.2109375 0.27890625
1 0.46640625 0.7140625 0.06171875 0.096875
1 0.58828125 0.7203125 0.0421875 0.065625
1 0.64609375 0.74921875 0.03984375 0.0609375
1 0.83359375 0.74140625 0.04609375 0.09296875
1 0.93203125 0.746875 0.05703125 0.09765625
1 0.946875 0.24375 0.046875 0.10546875
1 0.76640625 0.33828125 0.04609375 0.08671875
1 0.6890625 0.39921875 0.0453125 0.075
1 0.590625 0.41640625 0.03515625 0.0515625
1 0.55546875 0.45078125 0.01953125 0.04609375
1 0.525 0.46640625 0.01953125 0.040625
1 0.4953125 0.475 0.02890625 0.046875
1 0.11328125 0.46796875 0.18828125 0.19375
1 0.33671875 0.70625 0.0328125 0.08671875
1 0.065625 0.784375 0.0328125 0.146875