0 0.07890625 0.37734375 0.03203125 0.10859375
0 0.06015625 0.484375 0.04296875 0.10859375
0 0.04609375 0.615625 0.03671875 0.1625
0 0.27890625 0.628125 0.03984375 0.15234375
0 0.27421875 0.48203125 0.02734375 0.146875
0 0.271875 0.2796875 0.03203125 0.08984375
0 0.43046875 0.21484375 0.034375 0.115625
0 0.45078125 0.28515625 0.02109375 0.06796875
0 0.465625 0.35703125 0.0234375 0.08203125
0 0.50546875 0.4671875 0.03828125 0.14921875
0 0.578125 0.62890625 0.05234375 0.17890625
0 0.9 0.64453125 0.06640625 0.1609375
0 0.79453125 0.49296875 0.04296875 0.1125
0 0.7046875 0.3359375 0.03125 0.13984375
0 0.61640625 0.2234375 0.040625 0.0984375
0 0.7859375 0.2 0.03828125 0.0953125
0 0.96953125 0.33359375 0.0359375 0.1609375